0.00000,4517.00,4517.00,31.1162
1.00000,4522.00,4522.00,31.2632
2.00000,4527.00,4527.00,31.4385
3.00000,4532.00,4532.00,31.8047
4.00000,4537.00,4537.00,32.0787
5.00000,4542.00,4542.00,32.5038
6.00000,4547.00,4547.00,32.9950
7.00000,4552.00,4552.00,33.2624
8.00000,4557.00,4557.00,33.6991
9.00000,4562.00,4562.00,34.5421
10.0000,4567.00,4567.00,34.8128
11.0000,4572.00,4572.00,35.1677
12.0000,4577.00,4577.00,35.3452
13.0000,4582.00,4582.00,35.7275
14.0000,4587.00,4587.00,35.9642
15.0000,4592.00,4592.00,36.3583
16.0000,4597.00,4597.00,36.3583
17.0000,4602.00,4602.00,36.5438
18.0000,4607.00,4607.00,36.5438
19.0000,4612.00,4612.00,36.4497
20.0000,4617.00,4617.00,36.6230
21.0000,4622.00,4622.00,36.7961
22.0000,4627.00,4627.00,36.8910
23.0000,4632.00,4632.00,36.8910
24.0000,4637.00,4637.00,36.8910
25.0000,4642.00,4642.00,37.0658
26.0000,4647.00,4647.00,37.1287
27.0000,4652.00,4652.00,37.5137
28.0000,4657.00,4657.00,37.6025
29.0000,4662.00,4662.00,38.1119
30.0000,4667.00,4667.00,38.2632
31.0000,4672.00,4672.00,38.8005
32.0000,4677.00,4677.00,38.8765
33.0000,4682.00,4682.00,38.8765
34.0000,4687.00,4687.00,38.8005
35.0000,4692.00,4692.00,38.8765
36.0000,4697.00,4697.00,38.8005
37.0000,4702.00,4702.00,38.4093
38.0000,4707.00,4707.00,38.2109
39.0000,4712.00,4712.00,38.2632
40.0000,4717.00,4717.00,38.1119
41.0000,4722.00,4722.00,38.1119
42.0000,4727.00,4727.00,37.9302
43.0000,4732.00,4732.00,37.9221
44.0000,4737.00,4737.00,37.5674
45.0000,4742.00,4742.00,37.5674
46.0000,4747.00,4747.00,37.2554
47.0000,4752.00,4752.00,37.2554
48.0000,4757.00,4757.00,37.2554
49.0000,4762.00,4762.00,37.5137
50.0000,4767.00,4767.00,37.2554
51.0000,4772.00,4772.00,37.5674
52.0000,4777.00,4777.00,37.6025
53.0000,4782.00,4782.00,37.9302
54.0000,4787.00,4787.00,37.9302
55.0000,4792.00,4792.00,38.1119
56.0000,4797.00,4797.00,38.1119
57.0000,4802.00,4802.00,38.2632
58.0000,4807.00,4807.00,38.8005
59.0000,4812.00,4812.00,38.9141
60.0000,4817.00,4817.00,38.8765
61.0000,4822.00,4822.00,38.9141
62.0000,4827.00,4827.00,38.9141
63.0000,4832.00,4832.00,38.9141
64.0000,4837.00,4837.00,39.0438
65.0000,4842.00,4842.00,39.1600
66.0000,4847.00,4847.00,39.1600
67.0000,4852.00,4852.00,39.7651
68.0000,4857.00,4857.00,39.7651
69.0000,4862.00,4862.00,40.1206
70.0000,4867.00,4867.00,40.1451
71.0000,4872.00,4872.00,40.1206
72.0000,4877.00,4877.00,39.7651
73.0000,4882.00,4882.00,39.0438
74.0000,4887.00,4887.00,38.8005
75.0000,4892.00,4892.00,38.2632
76.0000,4897.00,4897.00,37.9302
77.0000,4902.00,4902.00,37.6025
78.0000,4907.00,4907.00,37.2554
79.0000,4912.00,4912.00,37.1287
80.0000,4917.00,4917.00,36.8887
81.0000,4922.00,4922.00,36.6903
82.0000,4927.00,4927.00,36.4497
83.0000,4932.00,4932.00,36.3447
84.0000,4937.00,4937.00,35.8923
85.0000,4942.00,4942.00,35.7010
86.0000,4947.00,4947.00,35.1677
87.0000,4952.00,4952.00,34.8732
88.0000,4957.00,4957.00,34.5421
89.0000,4962.00,4962.00,34.1973
90.0000,4967.00,4967.00,33.6484
91.0000,4972.00,4972.00,33.3418
92.0000,4977.00,4977.00,33.2321
93.0000,4982.00,4982.00,33.0609
94.0000,4987.00,4987.00,32.7883
95.0000,4992.00,4992.00,32.2572
96.0000,4997.00,4997.00,32.0787
97.0000,5002.00,5002.00,32.0244
98.0000,5007.00,5007.00,31.6655
99.0000,5012.00,5012.00,31.4385
100.000,5017.00,5017.00,31.2632
101.000,5022.00,5022.00,31.1743
102.000,5027.00,5027.00,31.1743
103.000,5032.00,5032.00,31.2632
104.000,5037.00,5037.00,31.4126
105.000,5042.00,5042.00,31.4126
106.000,5047.00,5047.00,31.2632
107.000,5052.00,5052.00,31.1743
108.000,5057.00,5057.00,31.1743
109.000,5062.00,5062.00,31.1743
110.000,5067.00,5067.00,31.1162
111.000,5072.00,5072.00,31.2632
112.000,5077.00,5077.00,31.1743
113.000,5082.00,5082.00,31.2632
114.000,5087.00,5087.00,31.1162
115.000,5092.00,5092.00,31.2632
116.000,5097.00,5097.00,31.4126
117.000,5102.00,5102.00,31.6655
118.000,5107.00,5107.00,31.8301
119.000,5112.00,5112.00,32.0244
120.000,5117.00,5117.00,32.1893
121.000,5122.00,5122.00,32.5038
122.000,5127.00,5127.00,32.7883
123.000,5132.00,5132.00,33.0609
124.000,5137.00,5137.00,33.0884
125.000,5142.00,5142.00,33.2624
126.000,5147.00,5147.00,33.5444
127.000,5152.00,5152.00,33.6484
128.000,5157.00,5157.00,33.8470
129.000,5162.00,5162.00,34.5421
130.000,5167.00,5167.00,34.5830
131.000,5172.00,5172.00,34.8811
132.000,5177.00,5177.00,35.3239
133.000,5182.00,5182.00,35.3452
134.000,5187.00,5187.00,35.3511
135.000,5192.00,5192.00,35.7275
136.000,5197.00,5197.00,35.7275
137.000,5202.00,5202.00,35.7275
138.000,5207.00,5207.00,35.7275
139.000,5212.00,5212.00,35.3511
140.000,5217.00,5217.00,35.3452
141.000,5222.00,5222.00,35.1677
142.000,5227.00,5227.00,34.8732
143.000,5232.00,5232.00,34.5830
144.000,5237.00,5237.00,34.1973
145.000,5242.00,5242.00,33.6991
146.000,5247.00,5247.00,33.3418
147.000,5252.00,5252.00,33.2321
148.000,5257.00,5257.00,32.9950
149.000,5262.00,5262.00,32.5038
150.000,5267.00,5267.00,32.0787
151.000,5272.00,5272.00,31.8301
152.000,5277.00,5277.00,31.6655
153.000,5282.00,5282.00,31.4385
154.000,5287.00,5287.00,31.1743
155.000,5292.00,5292.00,31.1162
156.000,5297.00,5297.00,30.7573
157.000,5302.00,5302.00,30.6875
158.000,5307.00,5307.00,30.4214
159.000,5312.00,5312.00,30.2440
160.000,5317.00,5317.00,30.2440
161.000,5322.00,5322.00,29.8027
162.000,5327.00,5327.00,29.6514
163.000,5332.00,5332.00,29.0376
164.000,5337.00,5337.00,28.8049
165.000,5342.00,5342.00,28.5229
166.000,5347.00,5347.00,28.2460
167.000,5352.00,5352.00,28.1548
168.000,5357.00,5357.00,27.9766
169.000,5362.00,5362.00,27.3467
170.000,5367.00,5367.00,27.1401
171.000,5372.00,5372.00,26.9610
172.000,5377.00,5377.00,26.8278
173.000,5382.00,5382.00,26.4106
174.000,5387.00,5387.00,26.3676
175.000,5392.00,5392.00,26.3036
176.000,5397.00,5397.00,26.2173
177.000,5402.00,5402.00,26.0341
178.000,5407.00,5407.00,25.8868
179.000,5412.00,5412.00,25.7798
180.000,5417.00,5417.00,25.6621
181.000,5422.00,5422.00,24.7429
182.000,5427.00,5427.00,24.6504
183.000,5432.00,5432.00,24.5190
184.000,5437.00,5437.00,24.4395
185.000,5442.00,5442.00,23.8345
186.000,5447.00,5447.00,23.7976
187.000,5452.00,5452.00,23.7976
188.000,5457.00,5457.00,23.2723
189.000,5462.00,5462.00,23.0433
190.000,5467.00,5467.00,22.7788
191.000,5472.00,5472.00,22.3979
192.000,5477.00,5477.00,22.2666
193.000,5482.00,5482.00,22.2798
194.000,5487.00,5487.00,22.2119
195.000,5492.00,5492.00,22.2035
196.000,5497.00,5497.00,22.2035
197.000,5502.00,5502.00,22.2035
198.000,5507.00,5507.00,21.7563
199.000,5512.00,5512.00,21.6265
200.000,5517.00,5517.00,21.5352
201.000,5522.00,5522.00,21.5273
202.000,5527.00,5527.00,21.2147
203.000,5532.00,5532.00,20.9130
204.000,5537.00,5537.00,20.9130
205.000,5542.00,5542.00,20.7539
206.000,5547.00,5547.00,20.4478
207.000,5552.00,5552.00,20.3398
208.000,5557.00,5557.00,19.7314
209.000,5562.00,5562.00,19.6631
210.000,5567.00,5567.00,19.5074
211.000,5572.00,5572.00,19.0762
212.000,5577.00,5577.00,18.4548
213.000,5582.00,5582.00,18.3553
214.000,5587.00,5587.00,18.2477
215.000,5592.00,5592.00,18.0034
216.000,5597.00,5597.00,17.5514
217.000,5602.00,5602.00,17.4399
218.000,5607.00,5607.00,16.9570
219.000,5612.00,5612.00,16.9409
220.000,5617.00,5617.00,16.3408
221.000,5622.00,5622.00,16.0010
222.000,5627.00,5627.00,15.8085
223.000,5632.00,5632.00,15.6799
224.000,5637.00,5637.00,15.3781
225.000,5642.00,5642.00,15.3197
226.000,5647.00,5647.00,14.7388
227.000,5652.00,5652.00,14.6664
228.000,5657.00,5657.00,14.2332
229.000,5662.00,5662.00,14.1147
230.000,5667.00,5667.00,12.9170
231.000,5672.00,5672.00,12.8769
232.000,5677.00,5677.00,12.7776
233.000,5682.00,5682.00,12.5718
234.000,5687.00,5687.00,12.1982
235.000,5692.00,5692.00,11.8272
236.000,5697.00,5697.00,11.4987
237.000,5702.00,5702.00,11.4224
238.000,5707.00,5707.00,11.2461
239.000,5712.00,5712.00,10.6724
240.000,5717.00,5717.00,10.4554
241.000,5722.00,5722.00,9.90918
242.000,5727.00,5727.00,9.86200
243.000,5732.00,5732.00,9.57178
244.000,5737.00,5737.00,9.20016
245.000,5742.00,5742.00,9.04529
246.000,5747.00,5747.00,8.96924
247.000,5752.00,5752.00,8.87012
248.000,5757.00,5757.00,8.46802
249.000,5762.00,5762.00,8.38870
250.000,5767.00,5767.00,8.19153
251.000,5772.00,5772.00,7.69824
252.000,5777.00,5777.00,7.56473
253.000,5782.00,5782.00,7.20068
254.000,5787.00,5787.00,6.91016
255.000,5792.00,5792.00,6.43311
256.000,5797.00,5797.00,5.42822
257.000,5802.00,5802.00,5.23413
258.000,5807.00,5807.00,4.89746
259.000,5812.00,5812.00,4.77246
260.000,5817.00,5817.00,4.41064
261.000,5822.00,5822.00,4.26001
262.000,5827.00,5827.00,4.02002
263.000,5832.00,5832.00,3.59460
264.000,5837.00,5837.00,2.97607
265.000,5842.00,5842.00,2.97607
266.000,5847.00,5847.00,2.39069
267.000,5852.00,5852.00,2.36319
268.000,5857.00,5857.00,2.27695
269.000,5862.00,5862.00,2.08887
270.000,5867.00,5867.00,1.45917
271.000,5872.00,5872.00,1.18625
272.000,5877.00,5877.00,1.08502
273.000,5882.00,5882.00,0.878448
274.000,5887.00,5887.00,0.860840
275.000,5892.00,5892.00,0.810059
276.000,5897.00,5897.00,0.316895
277.000,5902.00,5902.00,0.171753
278.000,5907.00,5907.00,-0.0773926
279.000,5912.00,5912.00,-0.185059
280.000,5917.00,5917.00,-0.406250
281.000,5922.00,5922.00,-0.406250
282.000,5927.00,5927.00,-0.792236
283.000,5932.00,5932.00,-0.818451
284.000,5937.00,5937.00,-0.839905
285.000,5942.00,5942.00,-0.818451
286.000,5947.00,5947.00,-1.05991
287.000,5952.00,5952.00,-1.05991
288.000,5957.00,5957.00,-1.49268
289.000,5962.00,5962.00,-1.53613
290.000,5967.00,5967.00,-1.69022
291.000,5972.00,5972.00,-1.74561
292.000,5977.00,5977.00,-1.89856
293.000,5982.00,5982.00,-1.80957
294.000,5987.00,5987.00,-1.80957
295.000,5992.00,5992.00,-1.74561
296.000,5997.00,5997.00,-1.74561
297.000,6002.00,6002.00,-1.72900
298.000,6007.00,6007.00,-1.89856
299.000,6012.00,6012.00,-1.93759
300.000,6017.00,6017.00,-2.01453
301.000,6022.00,6022.00,-2.03955
302.000,6027.00,6027.00,-2.03955
303.000,6032.00,6032.00,-2.09766
304.000,6037.00,6037.00,-2.12207
305.000,6042.00,6042.00,-2.31836
306.000,6047.00,6047.00,-2.78546
307.000,6052.00,6052.00,-2.83252
308.000,6057.00,6057.00,-2.99365
309.000,6062.00,6062.00,-3.16113
310.000,6065.00,6065.00,-3.22803
311.000,6060.00,6060.00,-3.22803
312.000,6055.00,6055.00,-3.22803
313.000,6050.00,6050.00,-3.22803
314.000,6045.00,6045.00,-3.28516
315.000,6040.00,6040.00,-3.28516
316.000,6035.00,6035.00,-3.22803
317.000,6030.00,6030.00,-3.22803
318.000,6025.00,6025.00,-3.38293
319.000,6020.00,6020.00,-3.40308
320.000,6015.00,6015.00,-3.40308
321.000,6010.00,6010.00,-3.33594
322.000,6005.00,6005.00,-3.33594
323.000,6000.00,6000.00,-3.22803
324.000,5995.00,5995.00,-3.16113
325.000,5990.00,5990.00,-3.16113
326.000,5985.00,5985.00,-3.16113
327.000,5980.00,5980.00,-2.99365
328.000,5975.00,5975.00,-3.10022
329.000,5970.00,5970.00,-2.95361
330.000,5965.00,5965.00,-2.78546
331.000,5960.00,5960.00,-2.50781
332.000,5955.00,5955.00,-2.31836
333.000,5950.00,5950.00,-2.29803
334.000,5945.00,5945.00,-2.29803
335.000,5940.00,5940.00,-2.29803
336.000,5935.00,5935.00,-2.29803
337.000,5930.00,5930.00,-2.03955
338.000,5925.00,5925.00,-2.03955
339.000,5920.00,5920.00,-2.01453
340.000,5915.00,5915.00,-1.93759
341.000,5910.00,5910.00,-1.93506
342.000,5905.00,5905.00,-1.93506
343.000,5900.00,5900.00,-1.80957
344.000,5895.00,5895.00,-1.80957
345.000,5890.00,5890.00,-1.72900
346.000,5885.00,5885.00,-1.69022
347.000,5880.00,5880.00,-1.57080
348.000,5875.00,5875.00,-1.50781
349.000,5870.00,5870.00,-1.05991
350.000,5865.00,5865.00,-0.839905
351.000,5860.00,5860.00,-0.792236
352.000,5855.00,5855.00,-0.839905
353.000,5850.00,5850.00,-0.460938
354.000,5845.00,5845.00,-0.460938
355.000,5840.00,5840.00,-0.0791016
356.000,5835.00,5835.00,-0.185059
357.000,5830.00,5830.00,-0.406250
358.000,5825.00,5825.00,-0.406250
359.000,5820.00,5820.00,-0.0791016
360.000,5815.00,5815.00,-0.406250
361.000,5810.00,5810.00,-0.0773926
362.000,5805.00,5805.00,-0.0773926
363.000,5800.00,5800.00,0.118408
364.000,5795.00,5795.00,0.171753
365.000,5790.00,5790.00,0.118408
366.000,5785.00,5785.00,0.171753
367.000,5780.00,5780.00,0.177246
368.000,5775.00,5775.00,0.177246
369.000,5770.00,5770.00,0.177246
370.000,5765.00,5765.00,0.670410
371.000,5760.00,5760.00,0.852051
372.000,5755.00,5755.00,0.811523
373.000,5750.00,5750.00,0.811523
374.000,5745.00,5745.00,0.811523
375.000,5740.00,5740.00,0.860840
376.000,5735.00,5735.00,1.08502
377.000,5730.00,5730.00,1.45917
378.000,5725.00,5725.00,1.31836
379.000,5720.00,5720.00,1.45917
380.000,5715.00,5715.00,1.45917
381.000,5710.00,5710.00,1.45917
382.000,5705.00,5705.00,1.70654
383.000,5700.00,5700.00,2.08887
384.000,5695.00,5695.00,2.03964
385.000,5690.00,5690.00,2.27695
386.000,5685.00,5685.00,2.31348
387.000,5680.00,5680.00,2.37085
388.000,5675.00,5675.00,2.37085
389.000,5670.00,5670.00,2.39069
390.000,5665.00,5665.00,2.80774
391.000,5660.00,5660.00,3.47217
392.000,5655.00,5655.00,3.75928
393.000,5650.00,5650.00,3.75928
394.000,5645.00,5645.00,3.75928
395.000,5640.00,5640.00,4.20801
396.000,5635.00,5635.00,4.20801
397.000,5630.00,5630.00,4.41064
398.000,5625.00,5625.00,4.26001
399.000,5620.00,5620.00,4.26001
400.000,5615.00,5615.00,4.26001
401.000,5610.00,5610.00,4.41064
402.000,5605.00,5605.00,4.41064
403.000,5600.00,5600.00,4.39844
404.000,5595.00,5595.00,4.41064
405.000,5590.00,5590.00,4.60114
406.000,5585.00,5585.00,4.77246
407.000,5580.00,5580.00,4.77246
408.000,5575.00,5575.00,4.69678
409.000,5570.00,5570.00,4.69678
410.000,5565.00,5565.00,4.77246
411.000,5560.00,5560.00,4.89746
412.000,5555.00,5555.00,4.79199
413.000,5550.00,5550.00,4.89746
414.000,5545.00,5545.00,5.14136
415.000,5540.00,5540.00,5.42822
416.000,5535.00,5535.00,5.78662
417.000,5530.00,5530.00,6.28809
418.000,5525.00,5525.00,5.42822
419.000,5520.00,5520.00,6.28809
420.000,5515.00,5515.00,6.28809
421.000,5510.00,5510.00,6.63135
422.000,5505.00,5505.00,6.64966
423.000,5500.00,5500.00,7.15186
424.000,5495.00,5495.00,7.15186
425.000,5490.00,5490.00,7.34375
426.000,5485.00,5485.00,7.34375
427.000,5480.00,5480.00,7.56473
428.000,5475.00,5475.00,7.58313
429.000,5470.00,5470.00,7.69824
430.000,5465.00,5465.00,7.58313
431.000,5460.00,5460.00,7.94385
432.000,5455.00,5455.00,8.19153
433.000,5450.00,5450.00,8.23779
434.000,5445.00,5445.00,8.44629
435.000,5440.00,5440.00,8.58664
436.000,5435.00,5435.00,8.58664
437.000,5430.00,5430.00,8.87012
438.000,5425.00,5425.00,8.87012
439.000,5420.00,5420.00,9.09619
440.000,5415.00,5415.00,9.09619
441.000,5410.00,5410.00,8.96924
442.000,5405.00,5405.00,8.96924
443.000,5400.00,5400.00,9.26120
444.000,5395.00,5395.00,9.48773
445.000,5390.00,5390.00,9.75732
446.000,5385.00,5385.00,9.86200
447.000,5380.00,5380.00,9.90918
448.000,5375.00,5375.00,9.89282
449.000,5370.00,5370.00,10.4902
450.000,5365.00,5365.00,10.6133
451.000,5360.00,5360.00,10.6724
452.000,5355.00,5355.00,10.6133
453.000,5350.00,5350.00,10.6724
454.000,5345.00,5345.00,10.4902
455.000,5340.00,5340.00,10.3983
456.000,5335.00,5335.00,9.90918
457.000,5330.00,5330.00,10.3983
458.000,5325.00,5325.00,10.3983
459.000,5320.00,5320.00,10.4902
460.000,5315.00,5315.00,10.6133
461.000,5310.00,5310.00,10.6724
462.000,5305.00,5305.00,10.6724
463.000,5300.00,5300.00,11.2461
464.000,5295.00,5295.00,10.7407
465.000,5290.00,5290.00,11.3521
466.000,5285.00,5285.00,11.4224
467.000,5280.00,5280.00,11.4987
468.000,5275.00,5275.00,11.4987
469.000,5270.00,5270.00,11.7262
470.000,5265.00,5265.00,11.4987
471.000,5260.00,5260.00,11.6848
472.000,5255.00,5255.00,11.7262
473.000,5250.00,5250.00,12.5718
474.000,5245.00,5245.00,12.8494
475.000,5240.00,5240.00,14.1125
476.000,5235.00,5235.00,14.1125
477.000,5230.00,5230.00,14.2710
478.000,5225.00,5225.00,14.2710
479.000,5220.00,5220.00,14.5464
480.000,5215.00,5215.00,14.5312
481.000,5210.00,5210.00,14.7388
482.000,5205.00,5205.00,15.2603
483.000,5200.00,5200.00,15.3197
484.000,5195.00,5195.00,15.3197
485.000,5190.00,5190.00,15.6799
486.000,5185.00,5185.00,15.6799
487.000,5180.00,5180.00,15.8085
488.000,5175.00,5175.00,15.8224
489.000,5170.00,5170.00,16.0010
490.000,5165.00,5165.00,16.5938
491.000,5160.00,5160.00,16.8540
492.000,5155.00,5155.00,16.7836
493.000,5150.00,5150.00,16.9478
494.000,5145.00,5145.00,16.9409
495.000,5140.00,5140.00,16.9570
496.000,5135.00,5135.00,16.9570
497.000,5130.00,5130.00,17.4399
498.000,5125.00,5125.00,17.4944
499.000,5120.00,5120.00,17.5679
500.000,5115.00,5115.00,17.5679
501.000,5110.00,5110.00,18.1641
502.000,5105.00,5105.00,18.2477
503.000,5100.00,5100.00,18.6445
504.000,5095.00,5095.00,18.9204
505.000,5090.00,5090.00,19.5074
506.000,5085.00,5085.00,19.5931
507.000,5080.00,5080.00,20.0986
508.000,5075.00,5075.00,20.3398
509.000,5070.00,5070.00,20.7539
510.000,5065.00,5065.00,20.9130
511.000,5060.00,5060.00,21.3252
512.000,5055.00,5055.00,21.3486
513.000,5050.00,5050.00,21.5352
514.000,5045.00,5045.00,21.5273
515.000,5040.00,5040.00,21.5352
516.000,5035.00,5035.00,21.5352
517.000,5030.00,5030.00,21.6265
518.000,5025.00,5025.00,21.7563
519.000,5020.00,5020.00,21.8657
520.000,5015.00,5015.00,21.8657
521.000,5010.00,5010.00,22.2280
522.000,5005.00,5005.00,22.2666
523.000,5000.00,5000.00,22.2798
524.000,4995.00,4995.00,22.2666
525.000,4990.00,4990.00,22.2280
526.000,4985.00,4985.00,22.2114
527.000,4980.00,4980.00,22.2119
528.000,4975.00,4975.00,22.2280
529.000,4970.00,4970.00,22.2798
530.000,4965.00,4965.00,22.2798
531.000,4960.00,4960.00,22.3979
532.000,4955.00,4955.00,22.3428
533.000,4950.00,4950.00,22.4746
534.000,4945.00,4945.00,22.3979
535.000,4940.00,4940.00,22.4746
536.000,4935.00,4935.00,22.7788
537.000,4930.00,4930.00,23.3730
538.000,4925.00,4925.00,23.7976
539.000,4920.00,4920.00,23.8345
540.000,4915.00,4915.00,24.4395
541.000,4910.00,4910.00,24.5236
542.000,4905.00,4905.00,24.7061
543.000,4900.00,4900.00,24.9307
544.000,4895.00,4895.00,24.8403
545.000,4890.00,4890.00,25.6621
546.000,4885.00,4885.00,25.7061
547.000,4880.00,4880.00,25.7061
548.000,4875.00,4875.00,25.7061
549.000,4870.00,4870.00,25.8868
550.000,4865.00,4865.00,25.8994
551.000,4860.00,4860.00,25.8999
552.000,4855.00,4855.00,26.0341
553.000,4850.00,4850.00,26.2263
554.000,4845.00,4845.00,26.3036
555.000,4840.00,4840.00,26.3770
556.000,4835.00,4835.00,26.3036
557.000,4830.00,4830.00,26.3169
558.000,4825.00,4825.00,26.3889
559.000,4820.00,4820.00,26.4106
560.000,4815.00,4815.00,26.9521
561.000,4810.00,4810.00,27.1401
562.000,4805.00,4805.00,27.2573
563.000,4800.00,4800.00,27.3467
564.000,4795.00,4795.00,27.9766
565.000,4790.00,4790.00,28.1548
566.000,4785.00,4785.00,28.1548
567.000,4780.00,4780.00,28.5229
568.000,4775.00,4775.00,28.5903
569.000,4770.00,4770.00,29.2783
570.000,4765.00,4765.00,29.2783
571.000,4760.00,4760.00,29.6992
572.000,4755.00,4755.00,29.6514
573.000,4750.00,4750.00,29.7354
574.000,4745.00,4745.00,29.7354
575.000,4740.00,4740.00,29.8027
576.000,4735.00,4735.00,29.7354
577.000,4730.00,4730.00,29.8027
578.000,4725.00,4725.00,30.4117
579.000,4720.00,4720.00,30.6875
580.000,4715.00,4715.00,30.4834
581.000,4710.00,4710.00,30.7573
582.000,4705.00,4705.00,31.1162
583.000,4700.00,4700.00,31.1162
584.000,4695.00,4695.00,31.1162
585.000,4690.00,4690.00,31.4126
586.000,4685.00,4685.00,31.8018
587.000,4680.00,4680.00,31.9712
588.000,4675.00,4675.00,31.8301
589.000,4670.00,4670.00,32.0244
590.000,4665.00,4665.00,31.8301
591.000,4660.00,4660.00,32.2861
592.000,4655.00,4655.00,33.0884
593.000,4650.00,4650.00,32.0244
594.000,4645.00,4645.00,32.0244
595.000,4640.00,4640.00,32.0244
596.000,4635.00,4635.00,33.0884
597.000,4630.00,4630.00,33.0884
598.000,4625.00,4625.00,32.2861
599.000,4620.00,4620.00,33.2321
600.000,4615.00,4615.00,33.2321
601.000,4610.00,4610.00,33.3418
602.000,4605.00,4605.00,33.6484
603.000,4600.00,4600.00,33.6991
604.000,4595.00,4595.00,33.8599
605.000,4590.00,4590.00,34.7036
606.000,4585.00,4585.00,34.7036
607.000,4580.00,4580.00,35.0815
608.000,4575.00,4575.00,35.3511
609.000,4570.00,4570.00,35.8823
610.000,4565.00,4565.00,36.2832
611.000,4560.00,4560.00,36.4497
612.000,4555.00,4555.00,36.2832
613.000,4550.00,4550.00,36.2832
614.000,4545.00,4545.00,36.3447
615.000,4540.00,4540.00,36.4497
616.000,4535.00,4535.00,36.3447
617.000,4530.00,4530.00,36.6230
618.000,4525.00,4525.00,36.6230
619.000,4520.00,4520.00,36.6230
620.000,4515.00,4515.00,36.6230
621.000,4510.00,4510.00,36.4497
622.000,4505.00,4505.00,35.8823
623.000,4500.00,4500.00,35.8823
624.000,4495.00,4495.00,35.3511
625.000,4490.00,4490.00,35.8823
626.000,4485.00,4485.00,35.8823
627.000,4480.00,4480.00,36.3447
628.000,4475.00,4475.00,36.3447
629.000,4470.00,4470.00,36.8910
630.000,4465.00,4465.00,36.8910
631.000,4460.00,4460.00,37.2554
632.000,4455.00,4455.00,37.5137
633.000,4450.00,4450.00,37.6025
634.000,4445.00,4445.00,37.9221
635.000,4440.00,4440.00,38.2632
636.000,4435.00,4435.00,38.8005
637.000,4430.00,4430.00,38.8765
638.000,4425.00,4425.00,39.0438
639.000,4420.00,4420.00,39.7915
640.000,4415.00,4415.00,40.4292
641.000,4410.00,4410.00,40.4419
642.000,4405.00,4405.00,40.4419
643.000,4400.00,4400.00,41.0391
644.000,4395.00,4395.00,41.3203
645.000,4390.00,4390.00,41.7905
646.000,4385.00,4385.00,41.9912
647.000,4380.00,4380.00,42.2168
648.000,4375.00,4375.00,42.4077
649.000,4370.00,4370.00,42.0435
650.000,4365.00,4365.00,41.7905
651.000,4360.00,4360.00,41.7720
652.000,4355.00,4355.00,41.7720
653.000,4350.00,4350.00,41.7905
654.000,4345.00,4345.00,41.7905
655.000,4340.00,4340.00,41.7720
656.000,4335.00,4335.00,41.0859
657.000,4330.00,4330.00,40.9341
658.000,4325.00,4325.00,40.4419
659.000,4320.00,4320.00,40.6211
660.000,4315.00,4315.00,41.0391
661.000,4310.00,4310.00,41.3203
662.000,4305.00,4305.00,41.0859
663.000,4300.00,4300.00,41.3203
664.000,4295.00,4295.00,41.3203
665.000,4290.00,4290.00,41.7720
666.000,4285.00,4285.00,41.0859
667.000,4280.00,4280.00,41.0859
668.000,4275.00,4275.00,41.0859
669.000,4270.00,4270.00,41.3203
670.000,4265.00,4265.00,41.7720
671.000,4260.00,4260.00,41.7905
672.000,4255.00,4255.00,41.7905
673.000,4250.00,4250.00,41.7720
674.000,4245.00,4245.00,41.7720
675.000,4240.00,4240.00,41.0859
676.000,4235.00,4235.00,40.9341
677.000,4230.00,4230.00,40.4419
678.000,4225.00,4225.00,40.4419
679.000,4220.00,4220.00,40.6211
680.000,4215.00,4215.00,41.0391
681.000,4210.00,4210.00,41.3203
682.000,4205.00,4205.00,41.3203
683.000,4200.00,4200.00,41.0859
684.000,4195.00,4195.00,40.6211
685.000,4190.00,4190.00,40.4292
686.000,4185.00,4185.00,39.7651
687.000,4180.00,4180.00,38.9141
688.000,4175.00,4175.00,38.8005
689.000,4170.00,4170.00,38.8228
690.000,4165.00,4165.00,38.8765
691.000,4160.00,4160.00,39.7915
692.000,4155.00,4155.00,40.4292
693.000,4150.00,4150.00,40.9341
694.000,4145.00,4145.00,41.0859
695.000,4140.00,4140.00,41.7905
696.000,4135.00,4135.00,42.0435
697.000,4130.00,4130.00,42.4604
698.000,4125.00,4125.00,42.5728
699.000,4120.00,4120.00,42.5728
700.000,4115.00,4115.00,42.5728
701.000,4110.00,4110.00,42.9414
702.000,4105.00,4105.00,43.1167
703.000,4100.00,4100.00,43.5518
704.000,4095.00,4095.00,43.0752
705.000,4090.00,4090.00,43.0752
706.000,4085.00,4085.00,42.9414
707.000,4080.00,4080.00,42.7803
708.000,4075.00,4075.00,42.7803
709.000,4070.00,4070.00,42.5728
710.000,4065.00,4065.00,42.5728
711.000,4060.00,4060.00,42.7803
712.000,4055.00,4055.00,42.4604
713.000,4050.00,4050.00,42.2168
714.000,4045.00,4045.00,41.7905
715.000,4040.00,4040.00,41.3203
716.000,4035.00,4035.00,41.0391
717.000,4030.00,4030.00,40.6211
718.000,4025.00,4025.00,40.4419
719.000,4020.00,4020.00,40.4419
720.000,4015.00,4015.00,39.7915
721.000,4010.00,4010.00,38.9141
722.000,4005.00,4005.00,38.8005
723.000,4000.00,4000.00,38.5249
724.000,3995.00,3995.00,37.9302
725.000,3990.00,3990.00,37.9302
726.000,3985.00,3985.00,37.2554
727.000,3980.00,3980.00,36.3447
728.000,3975.00,3975.00,35.3511
729.000,3970.00,3970.00,35.0815
730.000,3965.00,3965.00,34.3350
731.000,3960.00,3960.00,33.8599
732.000,3955.00,3955.00,33.8599
733.000,3950.00,3950.00,34.3350
734.000,3945.00,3945.00,34.8628
735.000,3940.00,3940.00,35.3452
736.000,3935.00,3935.00,35.3452
737.000,3930.00,3930.00,34.8628
738.000,3925.00,3925.00,34.8628
739.000,3920.00,3920.00,34.7036
740.000,3915.00,3915.00,33.8599
741.000,3910.00,3910.00,33.5444
742.000,3905.00,3905.00,32.2861
743.000,3900.00,3900.00,31.9712
744.000,3895.00,3895.00,31.8301
745.000,3890.00,3890.00,31.9712
746.000,3885.00,3885.00,32.0244
747.000,3880.00,3880.00,31.9712
748.000,3875.00,3875.00,31.8018
749.000,3870.00,3870.00,31.2632
750.000,3865.00,3865.00,31.2632
751.000,3860.00,3860.00,31.8018
752.000,3855.00,3855.00,31.8301
753.000,3850.00,3850.00,32.2861
754.000,3845.00,3845.00,33.3418
755.000,3840.00,3840.00,33.8599
756.000,3835.00,3835.00,34.3350
757.000,3830.00,3830.00,35.0815
758.000,3825.00,3825.00,35.3452
759.000,3820.00,3820.00,35.3452
760.000,3815.00,3815.00,35.3511
761.000,3810.00,3810.00,35.8823
762.000,3805.00,3805.00,35.3511
763.000,3800.00,3800.00,36.3447
764.000,3795.00,3795.00,37.2554
765.000,3790.00,3790.00,38.2109
766.000,3785.00,3785.00,38.5249
767.000,3780.00,3780.00,38.9141
768.000,3775.00,3775.00,38.9141
769.000,3770.00,3770.00,38.5249
770.000,3765.00,3765.00,38.2109
771.000,3760.00,3760.00,37.5137
772.000,3755.00,3755.00,36.3447
773.000,3750.00,3750.00,36.4497
774.000,3745.00,3745.00,37.2554
775.000,3740.00,3740.00,38.2109
776.000,3735.00,3735.00,38.5249
777.000,3730.00,3730.00,39.7651
778.000,3725.00,3725.00,40.4292
779.000,3720.00,3720.00,40.9341
780.000,3715.00,3715.00,40.4419
781.000,3710.00,3710.00,41.0391
782.000,3705.00,3705.00,41.0859
783.000,3700.00,3700.00,41.7905
784.000,3695.00,3695.00,42.0435
785.000,3690.00,3690.00,42.5728
786.000,3685.00,3685.00,42.9414
787.000,3680.00,3680.00,42.8120
788.000,3675.00,3675.00,42.8120
789.000,3670.00,3670.00,42.4604
790.000,3665.00,3665.00,41.9912
791.000,3660.00,3660.00,41.7720
792.000,3655.00,3655.00,41.0391
793.000,3650.00,3650.00,40.6211
794.000,3645.00,3645.00,39.7915
795.000,3640.00,3640.00,38.8228
796.000,3635.00,3635.00,38.2109
797.000,3630.00,3630.00,37.5137
798.000,3625.00,3625.00,36.3447
799.000,3620.00,3620.00,35.8823
800.000,3615.00,3615.00,35.0815
801.000,3610.00,3610.00,34.7036
802.000,3605.00,3605.00,34.1973
803.000,3600.00,3600.00,33.8599
804.000,3595.00,3595.00,33.6484
805.000,3590.00,3590.00,33.6484
806.000,3585.00,3585.00,34.1973
807.000,3580.00,3580.00,34.3350
808.000,3575.00,3575.00,34.1973
809.000,3570.00,3570.00,33.6484
810.000,3565.00,3565.00,33.0884
811.000,3560.00,3560.00,33.3418
812.000,3555.00,3555.00,33.6484
813.000,3550.00,3550.00,34.3350
814.000,3545.00,3545.00,34.7036
815.000,3540.00,3540.00,34.7036
816.000,3535.00,3535.00,34.1973
817.000,3530.00,3530.00,33.6484
818.000,3525.00,3525.00,33.3418
819.000,3520.00,3520.00,33.3418
820.000,3515.00,3515.00,33.0884
821.000,3510.00,3510.00,33.0884
822.000,3505.00,3505.00,33.3418
823.000,3500.00,3500.00,33.6484
824.000,3495.00,3495.00,33.8599
825.000,3490.00,3490.00,34.7036
826.000,3485.00,3485.00,34.3350
827.000,3480.00,3480.00,35.0815
828.000,3475.00,3475.00,35.3511
829.000,3470.00,3470.00,36.3447
830.000,3465.00,3465.00,35.8823
831.000,3460.00,3460.00,35.8823
832.000,3455.00,3455.00,36.3447
833.000,3450.00,3450.00,37.2554
834.000,3445.00,3445.00,37.5137
835.000,3440.00,3440.00,37.9302
836.000,3435.00,3435.00,36.4497
837.000,3430.00,3430.00,37.2554
838.000,3425.00,3425.00,37.5137
839.000,3420.00,3420.00,38.2109
840.000,3415.00,3415.00,38.5249
841.000,3410.00,3410.00,38.2632
842.000,3405.00,3405.00,38.2109
843.000,3400.00,3400.00,38.2632
844.000,3395.00,3395.00,38.2632
845.000,3390.00,3390.00,38.5249
846.000,3385.00,3385.00,37.9302
847.000,3380.00,3380.00,38.5249
848.000,3375.00,3375.00,39.7651
849.000,3370.00,3370.00,40.4419
850.000,3365.00,3365.00,40.9341
851.000,3360.00,3360.00,41.0859
852.000,3355.00,3355.00,41.7720
853.000,3350.00,3350.00,42.2168
854.000,3345.00,3345.00,42.5728
855.000,3340.00,3340.00,43.0752
856.000,3335.00,3335.00,43.5518
857.000,3330.00,3330.00,43.8540
858.000,3325.00,3325.00,43.8540
859.000,3320.00,3320.00,43.8540
860.000,3315.00,3315.00,43.8540
861.000,3310.00,3310.00,44.6157
862.000,3305.00,3305.00,45.3267
863.000,3300.00,3300.00,45.3667
864.000,3295.00,3295.00,45.4458
865.000,3290.00,3290.00,45.3267
866.000,3285.00,3285.00,43.8540
867.000,3280.00,3280.00,43.5518
868.000,3275.00,3275.00,43.0752
869.000,3270.00,3270.00,43.1167
870.000,3265.00,3265.00,43.7427
871.000,3260.00,3260.00,44.6157
872.000,3255.00,3255.00,45.3267
873.000,3250.00,3250.00,45.4458
874.000,3245.00,3245.00,45.4458
875.000,3240.00,3240.00,45.3667
876.000,3235.00,3235.00,45.3267
877.000,3230.00,3230.00,44.6157
878.000,3225.00,3225.00,43.8540
879.000,3220.00,3220.00,43.7427
880.000,3215.00,3215.00,43.7427
881.000,3210.00,3210.00,43.1167
882.000,3205.00,3205.00,42.8120
883.000,3200.00,3200.00,42.4604
884.000,3195.00,3195.00,41.7905
885.000,3190.00,3190.00,42.4604
886.000,3185.00,3185.00,42.4604
887.000,3180.00,3180.00,42.0435
888.000,3175.00,3175.00,41.3203
889.000,3170.00,3170.00,41.0391
890.000,3165.00,3165.00,40.4419
891.000,3160.00,3160.00,39.7915
892.000,3155.00,3155.00,38.5249
893.000,3150.00,3150.00,38.2109
894.000,3145.00,3145.00,36.4497
895.000,3140.00,3140.00,35.8823
896.000,3135.00,3135.00,34.8628
897.000,3130.00,3130.00,34.3350
898.000,3125.00,3125.00,33.6484
899.000,3120.00,3120.00,34.1973
900.000,3115.00,3115.00,33.6484
901.000,3110.00,3110.00,33.5444
902.000,3105.00,3105.00,32.2861
903.000,3100.00,3100.00,32.0244
904.000,3095.00,3095.00,31.8047
905.000,3090.00,3090.00,31.4126
906.000,3085.00,3085.00,30.7573
907.000,3080.00,3080.00,30.4834
908.000,3075.00,3075.00,29.0376
909.000,3070.00,3070.00,28.5229
910.000,3065.00,3065.00,28.1460
911.000,3060.00,3060.00,27.3467
912.000,3055.00,3055.00,26.3770
913.000,3050.00,3050.00,25.8994
914.000,3045.00,3045.00,24.9307
915.000,3040.00,3040.00,24.6504
916.000,3035.00,3035.00,23.8345
917.000,3030.00,3030.00,23.3623
918.000,3025.00,3025.00,22.2798
919.000,3020.00,3020.00,22.2280
920.000,3015.00,3015.00,22.2114
921.000,3010.00,3010.00,21.8657
922.000,3005.00,3005.00,21.6265
923.000,3000.00,3000.00,21.3486
924.000,2995.00,2995.00,20.0986
925.000,2990.00,2990.00,20.3398
926.000,2985.00,2985.00,19.7314
927.000,2980.00,2980.00,18.9204
928.000,2975.00,2975.00,18.6357
929.000,2970.00,2970.00,17.5679
930.000,2965.00,2965.00,15.8271
931.000,2960.00,2960.00,15.2603
932.000,2955.00,2955.00,15.2603
933.000,2950.00,2950.00,15.2603
934.000,2945.00,2945.00,14.5312
935.000,2940.00,2940.00,12.8159
936.000,2935.00,2935.00,11.2461
937.000,2930.00,2930.00,10.6133
938.000,2925.00,2925.00,9.75732
939.000,2920.00,2920.00,9.25049
940.000,2915.00,2915.00,8.44629
941.000,2910.00,2910.00,8.23486
942.000,2905.00,2905.00,7.69824
943.000,2900.00,2900.00,7.69824
944.000,2895.00,2895.00,6.91016
945.000,2890.00,2890.00,6.43311
946.000,2885.00,2885.00,5.42822
947.000,2880.00,2880.00,4.77246
948.000,2875.00,2875.00,4.02002
949.000,2870.00,2870.00,3.47217
950.000,2865.00,2865.00,2.08887
951.000,2860.00,2860.00,1.16895
952.000,2855.00,2855.00,0.0434570
953.000,2850.00,2850.00,-0.406250
954.000,2845.00,2845.00,-0.879395
955.000,2840.00,2840.00,-1.50781
956.000,2835.00,2835.00,-1.74561
957.000,2830.00,2830.00,-1.93506
958.000,2825.00,2825.00,-1.93506
959.000,2820.00,2820.00,-1.74561
960.000,2815.00,2815.00,-1.93506
961.000,2810.00,2810.00,-1.57080
962.000,2805.00,2805.00,-0.879395
963.000,2800.00,2800.00,-0.460938
964.000,2795.00,2795.00,-0.879395
965.000,2790.00,2790.00,-1.57080
966.000,2785.00,2785.00,-1.93506
967.000,2780.00,2780.00,-2.03955
968.000,2775.00,2775.00,-2.31836
969.000,2770.00,2770.00,-2.58203
970.000,2765.00,2765.00,-2.58203
971.000,2760.00,2760.00,-2.50781
972.000,2755.00,2755.00,-3.16113
973.000,2750.00,2750.00,-3.28516
974.000,2745.00,2745.00,-3.89502
975.000,2740.00,2740.00,-4.12256
976.000,2735.00,2735.00,-5.21777
977.000,2730.00,2730.00,-5.92480
978.000,2725.00,2725.00,-6.97412
979.000,2720.00,2720.00,-7.29980
980.000,2715.00,2715.00,-7.56787
981.000,2710.00,2710.00,-7.56787
982.000,2705.00,2705.00,-7.39941
983.000,2700.00,2700.00,-7.29980
984.000,2695.00,2695.00,-7.39941
985.000,2690.00,2690.00,-7.56787
986.000,2685.00,2685.00,-8.10693
987.000,2680.00,2680.00,-7.77686
988.000,2675.00,2675.00,-7.56787
989.000,2670.00,2670.00,-7.29980
990.000,2665.00,2665.00,-7.39941
991.000,2660.00,2660.00,-7.16260
992.000,2655.00,2655.00,-7.16260
993.000,2650.00,2650.00,-6.82959
994.000,2645.00,2645.00,-6.97412
995.000,2640.00,2640.00,-6.97412
996.000,2635.00,2635.00,-7.16260
997.000,2630.00,2630.00,-6.82959
998.000,2625.00,2625.00,-5.92480
999.000,2620.00,2620.00,-4.81006
1000.00,2615.00,2615.00,-4.81006
1001.00,2610.00,2610.00,-4.44922
1002.00,2605.00,2605.00,-4.12256
1003.00,2600.00,2600.00,-3.86621
1004.00,2595.00,2595.00,-3.86621
1005.00,2590.00,2590.00,-3.16113
1006.00,2585.00,2585.00,-2.58203
1007.00,2580.00,2580.00,-2.12207
1008.00,2575.00,2575.00,-2.03955
1009.00,2570.00,2570.00,-1.74561
1010.00,2565.00,2565.00,-0.879395
1011.00,2560.00,2560.00,-0.0791016
1012.00,2555.00,2555.00,0.811523
1013.00,2550.00,2550.00,2.08887
1014.00,2545.00,2545.00,2.97607
1015.00,2540.00,2540.00,4.02002
1016.00,2535.00,2535.00,4.77246
1017.00,2530.00,2530.00,6.28809
1018.00,2525.00,2525.00,6.43311
1019.00,2520.00,2520.00,7.63477
1020.00,2515.00,2515.00,7.94385
1021.00,2510.00,2510.00,8.44629
1022.00,2505.00,2505.00,9.25049
1023.00,2500.00,2500.00,10.6133
1024.00,2495.00,2495.00,10.4902
1025.00,2490.00,2490.00,10.4902
1026.00,2485.00,2485.00,9.25049
1027.00,2480.00,2480.00,9.09619
1028.00,2475.00,2475.00,9.09619
1029.00,2470.00,2470.00,10.4902
1030.00,2465.00,2465.00,10.7407
1031.00,2460.00,2460.00,11.2461
1032.00,2455.00,2455.00,10.4902
1033.00,2450.00,2450.00,9.75732
1034.00,2445.00,2445.00,8.44629
1035.00,2440.00,2440.00,8.23486
1036.00,2435.00,2435.00,7.63477
1037.00,2430.00,2430.00,6.63135
1038.00,2425.00,2425.00,5.42822
1039.00,2420.00,2420.00,4.77246
1040.00,2415.00,2415.00,4.02002
1041.00,2410.00,2410.00,3.75928
1042.00,2405.00,2405.00,3.47217
1043.00,2400.00,2400.00,2.31348
1044.00,2395.00,2395.00,1.16895
1045.00,2390.00,2390.00,0.177246
1046.00,2385.00,2385.00,-0.460938
1047.00,2380.00,2380.00,-0.879395
1048.00,2375.00,2375.00,-1.93506
1049.00,2370.00,2370.00,-2.09766
1050.00,2365.00,2365.00,-2.12207
1051.00,2360.00,2360.00,-2.31836
1052.00,2355.00,2355.00,-2.58203
1053.00,2350.00,2350.00,-2.95361
1054.00,2345.00,2345.00,-3.33594
1055.00,2340.00,2340.00,-4.12256
1056.00,2335.00,2335.00,-5.21777
1057.00,2330.00,2330.00,-5.92480
1058.00,2325.00,2325.00,-7.16260
1059.00,2320.00,2320.00,-7.39941
1060.00,2315.00,2315.00,-7.65625
1061.00,2310.00,2310.00,-7.77686
1062.00,2305.00,2305.00,-8.47559
1063.00,2300.00,2300.00,-9.80615
1064.00,2295.00,2295.00,-11.2090
1065.00,2290.00,2290.00,-12.1353
1066.00,2285.00,2285.00,-12.8071
1067.00,2280.00,2280.00,-14.1792
1068.00,2275.00,2275.00,-15.7437
1069.00,2270.00,2270.00,-15.7588
1070.00,2265.00,2265.00,-15.7588
1071.00,2260.00,2260.00,-16.7217
1072.00,2255.00,2255.00,-17.4917
1073.00,2250.00,2250.00,-18.8320
1074.00,2245.00,2245.00,-19.7646
1075.00,2240.00,2240.00,-20.6523
1076.00,2235.00,2235.00,-22.1035
1077.00,2230.00,2230.00,-22.3691
1078.00,2225.00,2225.00,-22.9927
1079.00,2220.00,2220.00,-23.4316
1080.00,2215.00,2215.00,-23.9883
1081.00,2210.00,2210.00,-23.8882
1082.00,2205.00,2205.00,-25.1538
1083.00,2200.00,2200.00,-25.1538
1084.00,2195.00,2195.00,-25.3325
1085.00,2190.00,2190.00,-25.6538
1086.00,2185.00,2185.00,-27.3730
1087.00,2180.00,2180.00,-28.3921
1088.00,2175.00,2175.00,-28.5981
1089.00,2170.00,2170.00,-29.3418
1090.00,2165.00,2165.00,-32.1968
1091.00,2160.00,2160.00,-32.6216
1092.00,2155.00,2155.00,-32.8369
1093.00,2150.00,2150.00,-33.2480
1094.00,2145.00,2145.00,-33.6055
1095.00,2140.00,2140.00,-34.4795
1096.00,2135.00,2135.00,-36.1685
1097.00,2130.00,2130.00,-36.9551
1098.00,2125.00,2125.00,-38.6445
1099.00,2120.00,2120.00,-39.4229
1100.00,2115.00,2115.00,-39.8940
1101.00,2110.00,2110.00,-40.2529
1102.00,2105.00,2105.00,-41.8188
1103.00,2100.00,2100.00,-42.0557
